123
4.5
10
100
1000
10000
100000
1000000
10000000
100000000
1000000000
10000000000
11
101
100001
1000001
10000001
100000001
1000000001
11
101
100001
1000001
1000001
10000001
100000001
1000000001
121
1021
10201
102001
100201
100021
1002001
1020001
1000201
12000001
10200001
10020001
10002001
10000201
10000021
120000001
102000001
100200001
100020001
100002001
100000201
100000021
100000002
1200000010
1020000010
1002000010
1000200010
1000020010
1000002010
1000000210
1000000020
100220030
123456709
1870147654
1.34
1011.34
1.30
1.00
0.01
0.5
